Debug template v0.00.10. (Windows x64).

AVX256 matrix transpose benchmark.
OS performance counter: F=10.000 MHz, T=100.000 ns.
Measure TSC by OS performance counter: F=2394.445 MHz, T=0.418 ns.
8 hardware threads.

Test 1 of 2, small temporal data.
------------------------------------------------------------------------------
  #      Rows    Columns    GB per matrix    ST GBPS    MTE GBPS   MTI GBPS
------------------------------------------------------------------------------
   1      128      128      0.000131         14.877     0.102      22.372
   2      256      256      0.000524         9.925      0.205      30.510
   3      384      384      0.001180         10.477     0.317      44.925
   4      512      512      0.002097         6.867      0.433      35.735
   5      640      640      0.003277         5.169      0.544      33.093
   6      768      768      0.004719         4.012      0.720      29.587
   7      896      896      0.006423         3.632      0.885      29.592
   8     1024     1024      0.008389         3.843      1.056      27.141
   9     1152     1152      0.010617         3.661      1.281      28.215
  10     1280     1280      0.013107         3.726      1.542      27.248
  11     1408     1408      0.015860         3.604      1.661      27.056
  12     1536     1536      0.018874         3.523      1.830      17.572
  13     1664     1664      0.022151         3.109      1.819      26.118
  14     1792     1792      0.025690         3.417      2.088      25.461
  15     1920     1920      0.029491         3.341      2.209      24.150
  16     2048     2048      0.033554         3.232      2.312      14.498
------------------------------------------------------------------------------

Test 2 of 2, big non-temporal data.
------------------------------------------------------------------------------
  #      Rows    Columns    GB per matrix    ST GBPS    MTE GBPS   MTI GBPS
------------------------------------------------------------------------------
   1     1024     1024      0.008389         7.775      1.263      18.798
   2     1536     1536      0.018874         7.109      1.889      19.474
   3     2048     2048      0.033554         6.501      2.463      19.671
   4     2560     2560      0.052429         6.172      3.010      20.309
   5     3072     3072      0.075497         5.748      3.545      19.802
   6     3584     3584      0.102760         5.496      3.702      19.362
   7     4096     4096      0.134218         4.924      4.486      19.180
   8     4608     4608      0.169869         5.274      5.007      19.986
   9     5120     5120      0.209715         5.231      5.472      19.961
  10     5632     5632      0.253755         5.169      5.823      19.898
  11     6144     6144      0.301990         4.957      6.267      19.493
  12     6656     6656      0.354419         5.034      6.640      19.213
  13     7168     7168      0.411042         5.027      6.975      18.499
  14     7680     7680      0.471859         4.959      7.024      17.912
  15     8192     8192      0.536871         4.865      7.371      16.901
------------------------------------------------------------------------------

OK.
