Debug template v0.00.10. (Windows x64).

AVX256 matrix transpose benchmark.
OS performance counter: F=10.000 MHz, T=100.000 ns.
Measure TSC by OS performance counter: F=2496.001 MHz, T=0.401 ns.
16 hardware threads.

Test 1 of 2, small temporal data.
------------------------------------------------------------------------------
  #      Rows    Columns    GB per matrix    ST GBPS    MTE GBPS   MTI GBPS
------------------------------------------------------------------------------
   1      128      128      0.000131         42.479     0.351      86.811
   2      256      256      0.000524         22.860     0.744      156.550
   3      384      384      0.001180         22.932     1.131      222.577
   4      512      512      0.002097         22.531     1.522      176.884
   5      640      640      0.003277         22.864     1.882      221.051
   6      768      768      0.004719         22.674     2.191      170.251
   7      896      896      0.006423         19.779     2.409      191.433
   8     1024     1024      0.008389         18.235     2.698      186.922
   9     1152     1152      0.010617         12.633     2.905      182.023
  10     1280     1280      0.013107         10.269     3.233      172.572
  11     1408     1408      0.015860         10.377     3.722      157.079
  12     1536     1536      0.018874         10.101     4.222      138.629
  13     1664     1664      0.022151         9.263      4.890      142.422
  14     1792     1792      0.025690         9.272      5.292      136.599
  15     1920     1920      0.029491         9.092      5.767      137.094
  16     2048     2048      0.033554         8.938      6.049      90.006
------------------------------------------------------------------------------

Test 2 of 2, big non-temporal data.
------------------------------------------------------------------------------
  #      Rows    Columns    GB per matrix    ST GBPS    MTE GBPS   MTI GBPS
------------------------------------------------------------------------------
   1     1024     1024      0.008389         29.227     2.893      31.166
   2     1536     1536      0.018874         23.488     4.164      30.740
   3     2048     2048      0.033554         18.759     5.411      30.189
   4     2560     2560      0.052429         16.394     7.597      30.302
   5     3072     3072      0.075497         14.776     8.833      30.357
   6     3584     3584      0.102760         13.898     9.883      30.154
   7     4096     4096      0.134218         12.937     10.726     30.233
   8     4608     4608      0.169869         11.746     12.147     30.384
   9     5120     5120      0.209715         11.041     13.257     30.418
  10     5632     5632      0.253755         10.684     14.002     30.434
  11     6144     6144      0.301990         10.616     14.445     30.419
  12     6656     6656      0.354419         10.282     15.050     30.422
  13     7168     7168      0.411042         10.088     15.514     30.405
  14     7680     7680      0.471859         9.867      15.715     30.388
  15     8192     8192      0.536871         9.878      15.667     30.266
------------------------------------------------------------------------------

OK.
