Debug template v0.00.10. (Windows x64).

AVX512 matrix transpose benchmark.
OS performance counter: F=10.000 MHz, T=100.000 ns.
Measure TSC by OS performance counter: F=2496.001 MHz, T=0.401 ns.
16 hardware threads.

Test 1 of 2, small temporal data.
------------------------------------------------------------------------------
  #      Rows    Columns    GB per matrix    ST GBPS    MTE GBPS   MTI GBPS
------------------------------------------------------------------------------
   1      128      128      0.000131         43.135     0.643      124.265
   2      256      256      0.000524         25.300     1.432      147.651
   3      384      384      0.001180         26.610     2.157      210.812
   4      512      512      0.002097         24.571     2.829      179.078
   5      640      640      0.003277         26.286     3.312      203.698
   6      768      768      0.004719         24.696     3.899      184.600
   7      896      896      0.006423         21.632     4.458      177.447
   8     1024     1024      0.008389         18.971     5.199      182.666
   9     1152     1152      0.010617         18.828     6.049      185.098
  10     1280     1280      0.013107         15.874     6.890      187.628
  11     1408     1408      0.015860         14.377     7.745      182.535
  12     1536     1536      0.018874         12.718     8.092      167.236
  13     1664     1664      0.022151         12.337     8.577      180.560
  14     1792     1792      0.025690         12.058     9.065      172.615
  15     1920     1920      0.029491         11.478     9.498      153.707
  16     2048     2048      0.033554         10.140     9.684      72.434
------------------------------------------------------------------------------

Test 2 of 2, big non-temporal data.
------------------------------------------------------------------------------
  #      Rows    Columns    GB per matrix    ST GBPS    MTE GBPS   MTI GBPS
------------------------------------------------------------------------------
   1     1024     1024      0.008389         32.231     5.328      32.384
   2     1536     1536      0.018874         23.966     7.727      31.130
   3     2048     2048      0.033554         19.920     11.508     30.927
   4     2560     2560      0.052429         18.747     13.591     30.967
   5     3072     3072      0.075497         17.736     14.312     30.936
   6     3584     3584      0.102760         17.074     14.975     30.739
   7     4096     4096      0.134218         16.092     14.712     30.346
   8     4608     4608      0.169869         16.268     15.450     30.760
   9     5120     5120      0.209715         16.062     15.610     30.419
  10     5632     5632      0.253755         15.838     15.673     29.919
  11     6144     6144      0.301990         15.564     15.446     28.394
  12     6656     6656      0.354419         15.440     15.708     28.429
  13     7168     7168      0.411042         15.266     15.687     27.181
  14     7680     7680      0.471859         15.150     15.738     26.335
  15     8192     8192      0.536871         14.833     15.113     22.391
------------------------------------------------------------------------------

OK.
